429997144208834570
519544947536560139
381191497443442688
396455448737349634
265112652160696321
212729058088189953
602922782782783546
471785524663812108
340977326059945985
340977326059945985
124220790001500161
253870088732540928
205520835518136320
454779378585436170
287825171698679809
603129031008976921
296708649198551049
551633230554595340
554376094242045963
392390115760144384
583858546790367232
521334554989166592
284878966517661696
285423806644748288
536986707975733259
398598150115295253
398598150115295253
191685922956247040
303237862403604480
417492820568440833
192045767798554625
509376873445326848
601535158696542257
576580293453021186
480094532726292480
452995350748332035
481905673643491328
440685437963730954
440685437963730954
412720846595948554
595715949601095901
295087502652604417
251754373854658560
595435083117363200
597593211548205076
553525626586529794
547967933620682763
342120939208835073
309071665449533440
340686809770229760
560082088909340672
321320178115674112
597745878895165450
326862153095184385
255749614592983040
440174480179068929
584879576241537024
559797256098676768
300806898788335618
371659498005463042
486198929629904907
587673872107569152
603520128579010570
535309202512412682
477059071191810050
570717616277159936
589386198011871233
448181621397389322
592832392138457112
398650120843034624
572898135676813322
572898135676813322
468959301877366784
468959301877366784